1.1 (-18.672905457259645-9.105121338848979e-30j) -15.730917186169806 2.941988271089839
0.9842105263157895 (-17.96694885660367+5.521958695515482e-30j) -15.328473731157548 2.6384751254461207
0.868421052631579 (-17.28522889743749+2.9582284058412104e-30j) -14.86827952953424 2.4169493679032517
0.7526315789473685 (-16.75784832062242-2.4316094908302257e-30j) -14.3906665591423 2.3671817614801185
0.6368421052631579 (-16.25889319255873-6.315565692941823e-30j) -13.919233426945024 2.339659765613707
0.5210526315789474 (-15.774801183317289-4.187963548975163e-31j) -13.46173204259808 2.313069140719209
0.4052631578947369 (-15.30666115630309-7.824435440256201e-31j) -13.016739787848003 2.2899213684550865
0.2894736842105263 (-14.855609048356866+0j) -12.583777305012099 2.2718317433447677
0.17368421052631577 (-14.422835602700617+3.155443620884055e-30j) -12.172727612290227 2.25010799041039
0.05789473684210522 (-14.009602573162917+2.761041397103345e-30j) -11.808616873285377 2.20098569987754
-0.05789473684210522 (-13.617271397738357-9.493432371734066e-40j) -11.529989092439711 2.087282305298645
-0.17368421052631589 (-13.287154381078768-3.723672950228527e-30j) -11.382322651103216 1.9048317299755517
-0.2894736842105263 (-13.180454570514456+5.4687386748422795e-30j) -11.410415228855594 1.7700393416588618
-0.40526315789473677 (-13.089434631591638+8.966815381929423e-30j) -11.653199018009555 1.4362356135820828
-0.5210526315789474 (-13.27067962303278-8.99648258211774e-16j) -12.139841548384405 1.1308380746483753
-0.6368421052631579 (-13.868421052631579+0j) -12.880097680940395 0.9883233716911839
-0.7526315789473685 (-15.026315789473689+0j) -13.842929257004831 1.183386532468857
-0.8684210526315792 (-16.184210526315788+0j) -14.930677281948455 1.2535332443673326
-0.9842105263157896 (-17.342105263157897+0j) -15.972136896602395 1.3699683665555025
-1.1 (-18.5+0j) -16.756569327189347 1.7434306728106534
