1.1 (-26.059448165274638+1.5776292810399675e-30j) -21.59055997020335 4.468888195071287
0.9842105263157895 (-25.21140394109432+1.1832913578314589e-30j) -21.46564417828038 3.7457597628139396
0.868421052631579 (-24.38543314001988-1.972189072043362e-31j) -21.14103997576598 3.2443931642539
0.7526315789473685 (-23.582822496300746+9.845810016280565e-31j) -20.666298752482138 2.9165237438186082
0.6368421052631579 (-22.80485428536049+2.4570089168212907e-31j) -20.077897954495263 2.726956330865228
0.5210526315789474 (-22.052809145694134-1.4764067253828874e-30j) -19.406530944616357 2.6462782010777772
0.4052631578947369 (-21.32797722374989+9.860761315262648e-31j) -18.682686574058437 2.6452906496914537
0.2894736842105263 (-20.631679392738768+1.1832913578315177e-30j) -17.93996125245188 2.6917181402868877
0.17368421052631577 (-19.965300239016294+3.944304526105059e-31j) -17.21761161693343 2.7476886220828654
0.05789473684210522 (-19.403727362770645-1.5777218104420366e-30j) -16.563102922928213 2.8406244398424327
-0.05789473684210522 (-18.993806326776024-1.7749370367472766e-30j) -16.03326206037822 2.960544266397804
-0.17368421052631589 (-18.60988674883096-9.660456170523255e-30j) -15.691770211518634 2.9181165373123257
-0.2894736842105263 (-18.327178038437598+1.1456830365191377e-31j) -15.602307663439516 2.7248703749980816
-0.40526315789473677 (-18.269713973325704+1.773310112860346e-30j) -15.819078093941489 2.4506358793842153
-0.5210526315789474 (-18.50089538294599-7.154059906345307e-19j) -16.376703239407014 2.124192143538977
-0.6368421052631579 (-19.415789473684207+0j) -17.278940289884947 2.13684918379926
-0.7526315789473685 (-21.036842105263165+0j) -18.483988994197663 2.5528531110655024
-0.8684210526315792 (-22.657894736842103+0j) -19.888137350627385 2.7697573862147173
-0.9842105263157896 (-24.27894736842105+0j) -21.31833906457908 2.960608303841969
-1.1 (-25.900000000000006+0j) -22.54897294052076 3.3510270594792466
