0.5 -35.92690523858457 -35.82472480054469 0.10218043803987342
0.4444444444444444 -33.641028533508056 -33.56638963505135 0.0746388984567048
0.3888888888888889 -27.08371487623465 -27.063860504201426 0.019854372033226042
0.33333333333333337 -17.136034628281596 -17.10146523099046 0.03456939729113628
0.2777777777777778 -5.281219468241639 -4.88083214451793 0.40038732372370944
0.2222222222222222 -5.281219468241654 -4.880872554164033 0.4003469140776206
0.16666666666666669 -17.136034628281546 -17.101507854240303 0.03452677404124316
0.1111111111111111 -27.08371487623466 -27.06382470555389 0.019890170680767483
0.05555555555555558 -33.641028533508056 -33.566241758290374 0.07478677521768162
0.0 -35.92690523858457 -35.82449096634997 0.10241427223459709
