1.1 (-15.098273500764364+2.088669149038197e-31j) -12.225202415431397 2.873071085332967
0.9842105263157895 (-14.527685370779757+0j) -12.054498447213069 2.473186923566688
0.868421052631579 (-13.976119702332443+1.2328379072671013e-30j) -11.774018829009663 2.202100873322781
0.7526315789473685 (-13.443602011372331+0j) -11.435852107581113 2.0077499037912183
0.6368421052631579 (-12.930148847150152+1.7120646243903204e-31j) -11.087947463942932 1.84220138320722
0.5210526315789474 (-12.548748681022397-9.595600541252037e-31j) -10.763518324344735 1.785230356677662
0.4052631578947369 (-12.218491118299745+9.849980743038442e-31j) -10.475993461364027 1.7424976569357185
0.2894736842105263 (-11.899344291917862-2.023324734225157e-30j) -10.221121834498671 1.6782224574191904
0.17368421052631577 (-11.592311051225925+0j) -9.984937034146588 1.6073740170793371
0.05789473684210522 (-11.298468951509367-2.4742286826772484e-32j) -9.755472480368109 1.542996471141258
-0.05789473684210522 (-11.018981170487516+0j) -9.535586564198422 1.4833946062890941
-0.17368421052631589 (-10.755117501697342+5.916456789401505e-31j) -9.352752477708039 1.4023650239893026
-0.2894736842105263 (-10.508292392676243+0j) -9.259586070144007 1.248706322532236
-0.40526315789473677 (-10.544689902889127+7.488212752247234e-17j) -9.31936836478342 1.2253215381057068
-0.5210526315789474 (-10.605772026660983-5.789368220204826e-27j) -9.577895521659933 1.0278765050010499
-0.6368421052631579 (-11.094736842105263+0j) -10.03457856929559 1.060158272809673
-0.7526315789473685 (-12.02105263157895+0j) -10.631237430009906 1.3898152015690446
-0.8684210526315792 (-12.947368421052632+0j) -11.267535994114938 1.6798324269376934
-0.9842105263157896 (-13.873684210526319+0j) -11.83306112396933 2.040623086556989
-1.1 (-14.799999999999999+0j) -12.235063669567037 2.564936330432962
