1.1 (-22.278893693549175-2.0707603154896093e-30j) -18.69720857811729 3.5816851154318847
0.9842105263157895 (-21.5323774551726-5.803518332616795e-30j) -18.3929307418309 3.1394467133417017
0.868421052631579 (-20.85433205322283+1.3327559833768172e-30j) -17.933403636997255 2.920928416225575
0.7526315789473685 (-20.194344911599416+4.4771485935177905e-43j) -17.412574153733697 2.7817707578657185
0.6368421052631579 (-19.55358849372771-2.2969217154727698e-30j) -16.889114263450054 2.664474230277655
0.5210526315789474 (-18.933256344028656+6.310887241768095e-30j) -16.388860505478124 2.544395838550532
0.4052631578947369 (-18.334565809064216-3.9443045261030613e-31j) -15.918013878848061 2.416551930216155
0.2894736842105263 (-17.758767823704137-4.98008564159334e-30j) -15.47801857292888 2.2807492507752567
0.17368421052631577 (-17.20716620202233-3.944304578514666e-31j) -15.076047789720928 2.131118412301401
0.05789473684210522 (-16.681149237260747+1.1832913578250605e-30j) -14.730096344316392 1.9510528929443556
-0.05789473684210522 (-16.2476704231433-1.1527851739021701e-30j) -14.470481961636358 1.7771884615069435
-0.17368421052631589 (-15.988979734880845+5.5220263365470826e-30j) -14.339145438130087 1.6498342967507575
-0.2894736842105263 (-15.751536625139643-1.2634100435180267e-29j) -14.386521453432442 1.365015171707201
-0.40526315789473677 (-15.695315053859193+6.605525529157771e-30j) -14.665015380477506 1.0302996733816876
-0.5210526315789474 (-15.885437552194396-1.0002677197368208e-15j) -15.218712716654567 0.6667248355398296
-0.6368421052631579 (-16.642105263157895+0j) -16.069887477420437 0.5722177857374575
-0.7526315789473685 (-18.031578947368427+0j) -17.203311460269923 0.8282674870985041
-0.8684210526315792 (-19.421052631578945+0j) -18.549848893959513 0.8712037376194317
-0.9842105263157896 (-20.810526315789474+0j) -19.97290003345097 0.8376262823385048
-1.1 (-22.200000000000003+0j) -21.265283075535294 0.9347169244647091
